  300 5.624621e+04 
  301 5.609162e+04 
  302 5.565522e+04 
  303 5.494028e+04 
  304 5.395435e+04 
  305 5.270883e+04 
  306 5.121850e+04 
  307 4.950127e+04 
  308 4.757795e+04 
  309 4.547211e+04 
  310 4.320979e+04 
  311 4.081909e+04 
  312 3.832961e+04 
  313 3.577174e+04 
  314 3.317571e+04 
  315 3.057048e+04 
  316 2.798236e+04 
  317 2.543404e+04 
  318 2.294401e+04 
  319 2.052663e+04 
  320 1.819265e+04 
  321 1.595002e+04 
  322 1.380475e+04 
  323 1.176173e+04 
  324 9.825304e+03 
  325 7.999642e+03 
  326 6.288644e+03 
  327 4.695565e+03 
  328 3.222516e+03 
  329 1.870089e+03 
  330 6.373321e+02 
  331 -4.779787e+02 
  332 -1.478861e+03 
  333 -2.368665e+03 
  334 -3.150755e+03 
  335 -3.828422e+03 
  336 -4.404991e+03 
  337 -4.884055e+03 
  338 -5.269712e+03 
  339 -5.566717e+03 
  340 -5.780516e+03 
  341 -5.917170e+03 
  342 -5.983253e+03 
  343 -5.985774e+03 
  344 -5.932139e+03 
  345 -5.830086e+03 
  346 -5.687522e+03 
  347 -5.512221e+03 
  348 -5.311429e+03 
  349 -5.091513e+03 
  350 -4.857755e+03 
  351 -4.614357e+03 
  352 -4.364596e+03 
  353 -4.111096e+03 
  354 -3.856157e+03 
  355 -3.602056e+03 
  356 -3.351239e+03 
  357 -3.106340e+03 
  358 -2.870096e+03 
  359 -2.645287e+03 
  360 -2.434817e+03 
  361 -2.241833e+03 
  362 -2.069721e+03 
  363 -1.921838e+03 
  364 -1.801085e+03 
  365 -1.709492e+03 
  366 -1.647898e+03 
  367 -1.615737e+03 
  368 -1.610914e+03 
  369 -1.629837e+03 
  370 -1.667698e+03 
  371 -1.718996e+03 
  372 -1.778189e+03 
  373 -1.840251e+03 
  374 -1.900904e+03 
  375 -1.956487e+03 
  376 -2.003564e+03 
  377 -2.038582e+03 
  378 -2.057829e+03 
  379 -2.057785e+03 
  380 -2.035769e+03 
  381 -1.990573e+03 
  382 -1.922832e+03 
  383 -1.835001e+03 
  384 -1.730985e+03 
  385 -1.615579e+03 
  386 -1.493887e+03 
  387 -1.370871e+03 
  388 -1.251047e+03 
  389 -1.138253e+03 
  390 -1.035412e+03 
  391 -9.442783e+02 
  392 -8.652839e+02 
  393 -7.976041e+02 
  394 -7.394720e+02 
  395 -6.886838e+02 
  396 -6.431313e+02 
  397 -6.011883e+02 
  398 -5.618384e+02 
  399 -5.245511e+02 
  400 -4.890376e+02 
  401 -4.550546e+02 
  402 -4.223706e+02 
  403 -3.909083e+02 
  404 -3.609893e+02 
  405 -3.335615e+02 
  406 -3.102928e+02 
  407 -2.934547e+02 
  408 -2.856021e+02 
  409 -2.891479e+02 
  410 -3.059524e+02 
  411 -3.369876e+02 
  412 -3.820934e+02 
  413 -4.398257e+02 
  414 -5.074339e+02 
  415 -5.810478e+02 
  416 -6.561018e+02 
  417 -7.278742e+02 
  418 -7.919394e+02 
  419 -8.444127e+02 
  420 -8.820352e+02 
  421 -9.022231e+02 
  422 -9.031387e+02 
  423 -8.837781e+02 
  424 -8.440485e+02 
  425 -7.848285e+02 
  426 -7.080249e+02 
  427 -6.166166e+02 
  428 -5.146432e+02 
  429 -4.070918e+02 
  430 -2.996517e+02 
  431 -1.983325e+02 
  432 -1.089616e+02 
  433 -3.661284e+01 
  434 1.496329e+01 
  435 4.380958e+01 
  436 5.001691e+01 
  437 3.566304e+01 
  438 4.409626e+00 
  439 -3.914508e+01 
  440 -9.015218e+01 
  441 -1.440313e+02 
  442 -1.967436e+02 
  443 -2.448870e+02 
  444 -2.857568e+02 
  445 -3.174643e+02 
  446 -3.391053e+02 
  447 -3.508902e+02 
  448 -3.541496e+02 
  449 -3.511964e+02 
  450 -3.450564e+02 
  451 -3.390844e+02 
  452 -3.364960e+02 
  453 -3.398848e+02 
  454 -3.508362e+02 
  455 -3.697244e+02 
  456 -3.957552e+02 
  457 -4.272611e+02 
  458 -4.621827e+02 
  459 -4.986111e+02 
  460 -5.352322e+02 
  461 -5.715301e+02 
  462 -6.076970e+02 
  463 -6.443011e+02 
  464 -6.818587e+02 
  465 -7.204649e+02 
  466 -7.595699e+02 
  467 -7.979571e+02 
  468 -8.339589e+02 
  469 -8.659200e+02 
  470 -8.927978e+02 
  471 -9.146395e+02 
  472 -9.326972e+02 
  473 -9.491297e+02 
  474 -9.664202e+02 
  475 -9.866998e+02 
  476 -1.011138e+03 
  477 -1.039529e+03 
  478 -1.070162e+03 
  479 -1.100061e+03 
  480 -1.125587e+03 
  481 -1.143289e+03 
  482 -1.150767e+03 
  483 -1.147218e+03 
  484 -1.133548e+03 
  485 -1.112049e+03 
  486 -1.085876e+03 
  487 -1.058522e+03 
  488 -1.033388e+03 
  489 -1.013467e+03 
  490 -1.001086e+03 
  491 -9.977157e+02 
  492 -1.003968e+03 
  493 -1.019898e+03 
  494 -1.045521e+03 
  495 -1.081192e+03 
  496 -1.127522e+03 
  497 -1.184830e+03 
  498 -1.252449e+03 
  499 -1.328263e+03 
  500 -1.408672e+03 
  501 -1.488978e+03 
  502 -1.564059e+03 
  503 -1.629095e+03 
  504 -1.680181e+03 
  505 -1.714694e+03 
  506 -1.731376e+03 
  507 -1.730186e+03 
  508 -1.712043e+03 
  509 -1.678625e+03 
  510 -1.632245e+03 
  511 -1.575798e+03 
  512 -1.512651e+03 
  513 -1.446378e+03 
  514 -1.380369e+03 
  515 -1.317429e+03 
  516 -1.259514e+03 
  517 -1.207690e+03 
  518 -1.162295e+03 
  519 -1.123192e+03 
  520 -1.090020e+03 
  521 -1.062320e+03 
  522 -1.039524e+03 
  523 -1.020819e+03 
  524 -1.004975e+03 
  525 -9.902324e+02 
  526 -9.743830e+02 
  527 -9.550954e+02 
  528 -9.304444e+02 
  529 -8.994240e+02 
  530 -8.622126e+02 
  531 -8.201466e+02 
  532 -7.755131e+02 
  533 -7.312129e+02 
  534 -6.902750e+02 
  535 -6.552570e+02 
  536 -6.276519e+02 
  537 -6.074640e+02 
  538 -5.930798e+02 
  539 -5.814829e+02 
  540 -5.687495e+02 
  541 -5.506742e+02 
  542 -5.233631e+02 
  543 -4.837187e+02 
  544 -4.298280e+02 
  545 -3.612555e+02 
  546 -2.791577e+02 
  547 -1.860977e+02 
  548 -8.554830e+01 
  549 1.875959e+01 
  550 1.233933e+02 
  551 2.254972e+02 
  552 3.228060e+02 
  553 4.135527e+02 
  554 4.964324e+02 
  555 5.706665e+02 
  556 6.360642e+02 
  557 6.929207e+02 
  558 7.416846e+02 
  559 7.824916e+02 
  560 8.147703e+02 
  561 8.371077e+02 
  562 8.474432e+02 
  563 8.435412e+02 
  564 8.236811e+02 
  565 7.874651e+02 
  566 7.364774e+02 
  567 6.743162e+02 
  568 6.056980e+02 
  569 5.350615e+02 
  570 4.655566e+02 
  571 3.988566e+02 
  572 3.355048e+02 
  573 2.753360e+02 
  574 2.177746e+02 
  575 1.620205e+02 
  576 1.071914e+02 
  577 5.248136e+01 
  578 -2.645674e+00 
  579 -5.824027e+01 
  580 -1.136645e+02 
  581 -1.674457e+02 
  582 -2.172300e+02 
  583 -2.598937e+02 
  584 -2.918607e+02 
  585 -3.096308e+02 
  586 -3.104287e+02 
  587 -2.927939e+02 
  588 -2.569269e+02 
  589 -2.046799e+02 
  590 -1.391864e+02 
  591 -6.424193e+01 
  592 1.633916e+01 
  593 9.918393e+01 
  594 1.815505e+02 
  595 2.612998e+02 
  596 3.367815e+02 
  597 4.067672e+02 
  598 4.704949e+02 
  599 5.277969e+02 
  600 5.791935e+02 
  601 6.258156e+02 
  602 6.691279e+02 
  603 7.105609e+02 
  604 7.512261e+02 
  605 7.917948e+02 
  606 8.325151e+02 
  607 8.733010e+02 
  608 9.138511e+02 
  609 9.537680e+02 
  610 9.926567e+02 
  611 1.030203e+03 
  612 1.066232e+03 
  613 1.100749e+03 
  614 1.133935e+03 
  615 1.166078e+03 
  616 1.197407e+03 
  617 1.227871e+03 
  618 1.256939e+03 
  619 1.283521e+03 
  620 1.306105e+03 
  621 1.323089e+03 
  622 1.333228e+03 
  623 1.336051e+03 
  624 1.332110e+03 
  625 1.322982e+03 
  626 1.311032e+03 
  627 1.299038e+03 
  628 1.289776e+03 
  629 1.285671e+03 
  630 1.288501e+03 
  631 1.299188e+03 
  632 1.317684e+03 
  633 1.342995e+03 
  634 1.373354e+03 
  635 1.406555e+03 
  636 1.440383e+03 
  637 1.473019e+03 
  638 1.503280e+03 
  639 1.530603e+03 
  640 1.554779e+03 
  641 1.575557e+03 
  642 1.592259e+03 
  643 1.603528e+03 
  644 1.607256e+03 
  645 1.600666e+03 
  646 1.580537e+03 
  647 1.543497e+03 
  648 1.486388e+03 
  649 1.406694e+03 
  650 1.303030e+03 
  651 1.175595e+03 
  652 1.026423e+03 
  653 8.592629e+02 
  654 6.790664e+02 
  655 4.912975e+02 
  656 3.013359e+02 
  657 1.141781e+02 
  658 -6.556998e+01 
  659 -2.335986e+02 
  660 -3.859439e+02 
  661 -5.193033e+02 
  662 -6.314981e+02 
  663 -7.218149e+02 
  664 -7.910149e+02 
  665 -8.409979e+02 
  666 -8.743117e+02 
  667 -8.937569e+02 
  668 -9.022434e+02 
  669 -9.028412e+02 
  670 -8.987981e+02 
  671 -8.933376e+02 
  672 -8.892619e+02 
  673 -8.885406e+02 
  674 -8.920302e+02 
  675 -8.993867e+02 
  676 -9.091971e+02 
  677 -9.193267e+02 
  678 -9.273930e+02 
  679 -9.312289e+02 
  680 -9.292115e+02 
  681 -9.203926e+02 
  682 -9.044482e+02 
  683 -8.814943e+02 
  684 -8.518420e+02 
  685 -8.157565e+02 
  686 -7.732817e+02 
  687 -7.241638e+02 
  688 -6.678735e+02 
  689 -6.036882e+02 
  690 -5.307980e+02 
  691 -4.484271e+02 
  692 -3.559817e+02 
  693 -2.532271e+02 
  694 -1.404485e+02 
  695 -1.854492e+01 
  696 1.109478e+02 
  697 2.458815e+02 
  698 3.835557e+02 
  699 5.208382e+02 
  700 6.543989e+02 
  701 7.810515e+02 
  702 8.981149e+02 
  703 1.003652e+03 
  704 1.096476e+03 
  705 1.175908e+03 
  706 1.241408e+03 
  707 1.292247e+03 
  708 1.327392e+03 
  709 1.345665e+03 
  710 1.346137e+03 
  711 1.328652e+03 
  712 1.294254e+03 
  713 1.245329e+03 
  714 1.185359e+03 
  715 1.118403e+03 
  716 1.048500e+03 
  717 9.791940e+02 
  718 9.132281e+02 
  719 8.524003e+02 
  720 7.976005e+02 
  721 7.490028e+02 
  722 7.063422e+02 
  723 6.691633e+02 
  724 6.369739e+02 
  725 6.093278e+02 
  726 5.859034e+02 
  727 5.666225e+02 
  728 5.517745e+02 
  729 5.420608e+02 
  730 5.384887e+02 
  731 5.421242e+02 
  732 5.537916e+02 
  733 5.738310e+02 
  734 6.019713e+02 
  735 6.373281e+02 
  736 6.785086e+02 
  737 7.238276e+02 
  738 7.716539e+02 
  739 8.208516e+02 
  740 8.711775e+02 
  741 9.233936e+02 
  742 9.789209e+02 
  743 1.039100e+03 
  744 1.104415e+03 
  745 1.174038e+03 
  746 1.245826e+03 
  747 1.316607e+03 
  748 1.382578e+03 
  749 1.439660e+03 
  750 1.483807e+03 
  751 1.511289e+03 
  752 1.518988e+03 
  753 1.504695e+03 
  754 1.467338e+03 
  755 1.407091e+03 
  756 1.325370e+03 
  757 1.224712e+03 
  758 1.108580e+03 
  759 9.811110e+02 
  760 8.468229e+02 
  761 7.103382e+02 
  762 5.761416e+02 
  763 4.483831e+02 
  764 3.306928e+02 
  765 2.259543e+02 
  766 1.360114e+02 
  767 6.136101e+01 
  768 9.724491e-01 
  769 -4.760199e+01 
  770 -8.774841e+01 
  771 -1.230797e+02 
  772 -1.567926e+02 
  773 -1.913396e+02 
  774 -2.284324e+02 
  775 -2.692332e+02 
  776 -3.145774e+02 
  777 -3.651576e+02 
  778 -4.216670e+02 
  779 -4.849003e+02 
  780 -5.557932e+02 
  781 -6.353524e+02 
  782 -7.244395e+02 
  783 -8.234201e+02 
  784 -9.317501e+02 
  785 -1.047632e+03 
  786 -1.167914e+03 
  787 -1.288338e+03 
  788 -1.404174e+03 
  789 -1.511065e+03 
  790 -1.605805e+03 
  791 -1.686790e+03 
  792 -1.754023e+03 
  793 -1.808782e+03 
  794 -1.853116e+03 
  795 -1.889316e+03 
  796 -1.919470e+03 
  797 -1.945141e+03 
  798 -1.967172e+03 
  799 -1.985626e+03 
