timestep 500, Frequency 150 
    1 5.372158e+04 
    2 5.352429e+04 
    3 5.304811e+04 
    4 5.229813e+04 
    5 5.128513e+04 
    6 5.002528e+04 
    7 4.853945e+04 
    8 4.685247e+04 
    9 4.499205e+04 
   10 4.298766e+04 
   11 4.086904e+04 
   12 3.866479e+04 
   13 3.640125e+04 
   14 3.410191e+04 
   15 3.178752e+04 
   16 2.947647e+04 
   17 2.718512e+04 
   18 2.492798e+04 
   19 2.271770e+04 
   20 2.056506e+04 
   21 1.847919e+04 
   22 1.646804e+04 
   23 1.453886e+04 
   24 1.269842e+04 
   25 1.095286e+04 
   26 9.307341e+03 
   27 7.765778e+03 
   28 6.331038e+03 
   29 5.005213e+03 
   30 3.789617e+03 
   31 2.684284e+03 
   32 1.687337e+03 
   33 7.947137e+02 
   34 4.154242e-01 
   35 -7.029070e+02 
   36 -1.323272e+03 
   37 -1.868718e+03 
   38 -2.346755e+03 
   39 -2.763962e+03 
   40 -3.125793e+03 
   41 -3.436653e+03 
   42 -3.700218e+03 
   43 -3.919892e+03 
   44 -4.099222e+03 
   45 -4.242142e+03 
   46 -4.352972e+03 
   47 -4.436223e+03 
   48 -4.496286e+03 
   49 -4.537133e+03 
   50 -4.562114e+03 
   51 -4.573966e+03 
   52 -4.575023e+03 
   53 -4.567524e+03 
   54 -4.553758e+03 
   55 -4.535878e+03 
   56 -4.515348e+03 
   57 -4.492293e+03 
   58 -4.465180e+03 
   59 -4.431129e+03 
   60 -4.386714e+03 
   61 -4.328873e+03 
   62 -4.255562e+03 
   63 -4.166044e+03 
   64 -4.060865e+03 
   65 -3.941626e+03 
   66 -3.810649e+03 
   67 -3.670625e+03 
   68 -3.524290e+03 
   69 -3.374199e+03 
   70 -3.222575e+03 
   71 -3.071251e+03 
   72 -2.921670e+03 
   73 -2.774948e+03 
   74 -2.631981e+03 
   75 -2.493562e+03 
   76 -2.360417e+03 
   77 -2.233153e+03 
   78 -2.112097e+03 
   79 -1.997144e+03 
   80 -1.887707e+03 
   81 -1.782871e+03 
   82 -1.681701e+03 
   83 -1.583581e+03 
   84 -1.488378e+03 
   85 -1.396310e+03 
   86 -1.307588e+03 
   87 -1.222078e+03 
   88 -1.139265e+03 
   89 -1.058622e+03 
   90 -9.800723e+02 
   91 -9.041370e+02 
   92 -8.316046e+02 
   93 -7.629861e+02 
   94 -6.981772e+02 
   95 -6.365434e+02 
   96 -5.773571e+02 
   97 -5.203467e+02 
   98 -4.661135e+02 
   99 -4.162612e+02 
  100 -3.731853e+02 
  101 -3.395790e+02 
  102 -3.178136e+02 
  103 -3.094004e+02 
  104 -3.146913e+02 
  105 -3.328647e+02 
  106 -3.621505e+02 
  107 -4.001909e+02 
  108 -4.444331e+02 
  109 -4.924634e+02 
  110 -5.422263e+02 
  111 -5.921035e+02 
  112 -6.408597e+02 
  113 -6.875029e+02 
  114 -7.311335e+02 
  115 -7.708410e+02 
  116 -8.056267e+02 
  117 -8.342776e+02 
  118 -8.551939e+02 
  119 -8.663513e+02 
  120 -8.656028e+02 
  121 -8.512433e+02 
  122 -8.224728e+02 
  123 -7.795039e+02 
  124 -7.233775e+02 
  125 -6.556760e+02 
  126 -5.782655e+02 
  127 -4.930897e+02 
  128 -4.020251e+02 
  129 -3.068135e+02 
  130 -2.090583e+02 
  131 -1.102624e+02 
  132 -1.188421e+01 
  133 8.459312e+01 
  134 1.775739e+02 
  135 2.652488e+02 
  136 3.455262e+02 
  137 4.160782e+02 
  138 4.745734e+02 
  139 5.191038e+02 
  140 5.487188e+02 
  141 5.638998e+02 
  142 5.668050e+02 
  143 5.611606e+02 
  144 5.517958e+02 
  145 5.439741e+02 
  146 5.427562e+02 
  147 5.525775e+02 
  148 5.770567e+02 
  149 6.189266e+02 
  150 6.799740e+02 
timestep 650, Frequency 150 
    1 5.582787e+04 
    2 5.553120e+04 
    3 5.494221e+04 
    4 5.406558e+04 
    5 5.291292e+04 
    6 5.150259e+04 
    7 4.985833e+04 
    8 4.800699e+04 
    9 4.597646e+04 
   10 4.379448e+04 
   11 4.148851e+04 
   12 3.908607e+04 
   13 3.661513e+04 
   14 3.410393e+04 
   15 3.158020e+04 
   16 2.906980e+04 
   17 2.659532e+04 
   18 2.417522e+04 
   19 2.182382e+04 
   20 1.955217e+04 
   21 1.736925e+04 
   22 1.528308e+04 
   23 1.330121e+04 
   24 1.143066e+04 
   25 9.677316e+03 
   26 8.045232e+03 
   27 6.536029e+03 
   28 5.148738e+03 
   29 3.880048e+03 
   30 2.724934e+03 
   31 1.677392e+03 
   32 7.311160e+02 
   33 -1.199949e+02 
   34 -8.814944e+02 
   35 -1.558222e+03 
   36 -2.154372e+03 
   37 -2.673839e+03 
   38 -3.120753e+03 
   39 -3.499891e+03 
   40 -3.816650e+03 
   41 -4.076554e+03 
   42 -4.284683e+03 
   43 -4.445472e+03 
   44 -4.562946e+03 
   45 -4.641121e+03 
   46 -4.684295e+03 
   47 -4.697101e+03 
   48 -4.684336e+03 
   49 -4.650674e+03 
   50 -4.600325e+03 
   51 -4.536747e+03 
   52 -4.462458e+03 
   53 -4.378972e+03 
   54 -4.286827e+03 
   55 -4.185697e+03 
   56 -4.074559e+03 
   57 -3.951943e+03 
   58 -3.816239e+03 
   59 -3.666018e+03 
   60 -3.500340e+03 
   61 -3.319030e+03 
   62 -3.122931e+03 
   63 -2.914113e+03 
   64 -2.695928e+03 
   65 -2.472713e+03 
   66 -2.249102e+03 
   67 -2.029224e+03 
   68 -1.816228e+03 
   69 -1.612365e+03 
   70 -1.419475e+03 
   71 -1.239509e+03 
   72 -1.074803e+03 
   73 -9.279584e+02 
   74 -8.014266e+02 
   75 -6.969660e+02 
   76 -6.152314e+02 
   77 -5.556406e+02 
   78 -5.165438e+02 
   79 -4.956024e+02 
   80 -4.902044e+02 
   81 -4.977564e+02 
   82 -5.157973e+02 
   83 -5.420242e+02 
   84 -5.743647e+02 
   85 -6.111831e+02 
   86 -6.516003e+02 
   87 -6.957972e+02 
   88 -7.451174e+02 
   89 -8.018274e+02 
   90 -8.685337e+02 
   91 -9.474351e+02 
   92 -1.039682e+03 
   93 -1.145056e+03 
   94 -1.262024e+03 
   95 -1.388082e+03 
   96 -1.520221e+03 
   97 -1.655332e+03 
   98 -1.790439e+03 
   99 -1.922698e+03 
  100 -2.049201e+03 
  101 -2.166725e+03 
  102 -2.271565e+03 
  103 -2.359600e+03 
  104 -2.426579e+03 
  105 -2.468576e+03 
  106 -2.482488e+03 
  107 -2.466463e+03 
  108 -2.420208e+03 
  109 -2.345141e+03 
  110 -2.244333e+03 
  111 -2.122236e+03 
  112 -1.984239e+03 
  113 -1.836122e+03 
  114 -1.683454e+03 
  115 -1.530971e+03 
  116 -1.382042e+03 
  117 -1.238379e+03 
  118 -1.100111e+03 
  119 -9.661867e+02 
  120 -8.349414e+02 
  121 -7.046521e+02 
  122 -5.739505e+02 
  123 -4.421106e+02 
  124 -3.092637e+02 
  125 -1.765438e+02 
  126 -4.609096e+01 
  127 7.915700e+01 
  128 1.958628e+02 
  129 3.007750e+02 
  130 3.911541e+02 
  131 4.650351e+02 
  132 5.213023e+02 
  133 5.596012e+02 
  134 5.801435e+02 
  135 5.834653e+02 
  136 5.702092e+02 
  137 5.409916e+02 
  138 4.963763e+02 
  139 4.369124e+02 
  140 3.631710e+02 
  141 2.757487e+02 
  142 1.752715e+02 
  143 6.246882e+01 
  144 -6.164607e+01 
  145 -1.955367e+02 
  146 -3.369848e+02 
  147 -4.831420e+02 
  148 -6.308225e+02 
  149 -7.769319e+02 
  150 -9.188461e+02 
timestep 800, Frequency 150 
    1 5.561533e+04 
    2 5.563640e+04 
    3 5.535358e+04 
    4 5.477373e+04 
    5 5.390848e+04 
    6 5.277365e+04 
    7 5.138856e+04 
    8 4.977520e+04 
    9 4.795723e+04 
   10 4.595889e+04 
   11 4.380427e+04 
   12 4.151741e+04 
   13 3.912325e+04 
   14 3.664877e+04 
   15 3.412318e+04 
   16 3.157647e+04 
   17 2.903689e+04 
   18 2.652875e+04 
   19 2.407136e+04 
   20 2.167949e+04 
   21 1.936476e+04 
   22 1.713747e+04 
   23 1.500807e+04 
   24 1.298757e+04 
   25 1.108656e+04 
   26 9.313707e+03 
   27 7.674457e+03 
   28 6.170833e+03 
   29 4.802074e+03 
   30 3.565622e+03 
   31 2.457970e+03 
   32 1.475208e+03 
   33 6.132672e+02 
   34 -1.320824e+02 
   35 -7.654487e+02 
   36 -1.292207e+03 
   37 -1.718955e+03 
   38 -2.053829e+03 
   39 -2.306447e+03 
   40 -2.487346e+03 
   41 -2.607065e+03 
   42 -2.675263e+03 
   43 -2.700237e+03 
   44 -2.688884e+03 
   45 -2.646906e+03 
   46 -2.579028e+03 
   47 -2.489219e+03 
   48 -2.381032e+03 
   49 -2.258121e+03 
   50 -2.124801e+03 
   51 -1.986350e+03 
   52 -1.848804e+03 
   53 -1.718131e+03 
   54 -1.598942e+03 
   55 -1.493190e+03 
   56 -1.399760e+03 
   57 -1.315536e+03 
   58 -1.237328e+03 
   59 -1.163095e+03 
   60 -1.091837e+03 
   61 -1.022940e+03 
   62 -9.560576e+02 
   63 -8.918057e+02 
   64 -8.326378e+02 
   65 -7.829193e+02 
   66 -7.477327e+02 
   67 -7.311106e+02 
   68 -7.348620e+02 
   69 -7.584485e+02 
   70 -7.995393e+02 
   71 -8.547443e+02 
   72 -9.203150e+02 
   73 -9.928305e+02 
   74 -1.069883e+03 
   75 -1.150620e+03 
   76 -1.235881e+03 
   77 -1.327733e+03 
   78 -1.428599e+03 
   79 -1.540321e+03 
   80 -1.663496e+03 
   81 -1.797122e+03 
   82 -1.938579e+03 
   83 -2.083934e+03 
   84 -2.228535e+03 
   85 -2.367718e+03 
   86 -2.497353e+03 
   87 -2.614114e+03 
   88 -2.715450e+03 
   89 -2.799409e+03 
   90 -2.864463e+03 
   91 -2.909442e+03 
   92 -2.933571e+03 
   93 -2.936558e+03 
   94 -2.918706e+03 
   95 -2.881067e+03 
   96 -2.825620e+03 
   97 -2.755383e+03 
   98 -2.674326e+03 
   99 -2.586952e+03 
  100 -2.497620e+03 
  101 -2.409861e+03 
  102 -2.325948e+03 
  103 -2.246817e+03 
  104 -2.172229e+03 
  105 -2.101036e+03 
  106 -2.031488e+03 
  107 -1.961578e+03 
  108 -1.889363e+03 
  109 -1.813175e+03 
  110 -1.731711e+03 
  111 -1.644062e+03 
  112 -1.549772e+03 
  113 -1.448919e+03 
  114 -1.342166e+03 
  115 -1.230686e+03 
  116 -1.115933e+03 
  117 -9.992951e+02 
  118 -8.817586e+02 
  119 -7.637019e+02 
  120 -6.448911e+02 
  121 -5.246560e+02 
  122 -4.021544e+02 
  123 -2.766077e+02 
  124 -1.474308e+02 
  125 -1.427995e+01 
  126 1.228960e+02 
  127 2.637549e+02 
  128 4.074253e+02 
  129 5.523865e+02 
  130 6.964162e+02 
  131 8.366500e+02 
  132 9.697969e+02 
  133 1.092513e+03 
  134 1.201856e+03 
  135 1.295677e+03 
  136 1.372789e+03 
  137 1.432853e+03 
  138 1.476058e+03 
  139 1.502802e+03 
  140 1.513540e+03 
  141 1.508879e+03 
  142 1.489852e+03 
  143 1.458213e+03 
  144 1.416565e+03 
  145 1.368180e+03 
  146 1.316534e+03 
  147 1.264678e+03 
  148 1.214658e+03 
  149 1.167203e+03 
  150 1.121798e+03 
timestep 950, Frequency 150 
    1 5.575544e+04 
    2 5.570868e+04 
    3 5.538682e+04 
    4 5.479724e+04 
    5 5.395077e+04 
    6 5.286148e+04 
    7 5.154622e+04 
    8 5.002407e+04 
    9 4.831565e+04 
   10 4.644253e+04 
   11 4.442688e+04 
   12 4.229138e+04 
   13 4.005937e+04 
   14 3.775489e+04 
   15 3.540243e+04 
   16 3.302628e+04 
   17 3.064960e+04 
   18 2.829360e+04 
   19 2.597710e+04 
   20 2.371637e+04 
   21 2.152527e+04 
   22 1.941528e+04 
   23 1.739551e+04 
   24 1.547273e+04 
   25 1.365154e+04 
   26 1.193476e+04 
   27 1.032386e+04 
   28 8.819379e+03 
   29 7.421149e+03 
   30 6.128148e+03 
   31 4.938139e+03 
   32 3.847300e+03 
   33 2.850239e+03 
   34 1.940601e+03 
   35 1.112176e+03 
   36 3.600508e+02 
   37 -3.186728e+02 
   38 -9.248345e+02 
   39 -1.457723e+03 
   40 -1.915900e+03 
   41 -2.298118e+03 
   42 -2.604185e+03 
   43 -2.835637e+03 
   44 -2.996087e+03 
   45 -3.091199e+03 
   46 -3.128278e+03 
   47 -3.115645e+03 
   48 -3.061960e+03 
   49 -2.975645e+03 
   50 -2.864475e+03 
   51 -2.735369e+03 
   52 -2.594376e+03 
   53 -2.446776e+03 
   54 -2.297200e+03 
   55 -2.149688e+03 
   56 -2.007672e+03 
   57 -1.873925e+03 
   58 -1.750501e+03 
   59 -1.638677e+03 
   60 -1.538934e+03 
   61 -1.450993e+03 
   62 -1.373925e+03 
   63 -1.306256e+03 
   64 -1.246032e+03 
   65 -1.190833e+03 
   66 -1.137824e+03 
   67 -1.083989e+03 
   68 -1.026640e+03 
   69 -9.640447e+02 
   70 -8.958392e+02 
   71 -8.229676e+02 
   72 -7.472298e+02 
   73 -6.707343e+02 
   74 -5.955130e+02 
   75 -5.233955e+02 
   76 -4.560955e+02 
   77 -3.953751e+02 
   78 -3.431522e+02 
   79 -3.014675e+02 
   80 -2.722985e+02 
   81 -2.572629e+02 
   82 -2.572872e+02 
   83 -2.723367e+02 
   84 -3.013291e+02 
   85 -3.423304e+02 
   86 -3.929931e+02 
   87 -4.510339e+02 
   88 -5.145175e+02 
   89 -5.818352e+02 
   90 -6.514626e+02 
   91 -7.217092e+02 
   92 -7.906519e+02 
   93 -8.563279e+02 
   94 -9.170754e+02 
   95 -9.717958e+02 
   96 -1.019962e+03 
   97 -1.061380e+03 
   98 -1.095847e+03 
   99 -1.122922e+03 
  100 -1.141879e+03 
  101 -1.151846e+03 
  102 -1.151979e+03 
  103 -1.141587e+03 
  104 -1.120174e+03 
  105 -1.087477e+03 
  106 -1.043542e+03 
  107 -9.888643e+02 
  108 -9.245024e+02 
  109 -8.521369e+02 
  110 -7.740657e+02 
  111 -6.931663e+02 
  112 -6.127989e+02 
  113 -5.365778e+02 
  114 -4.679646e+02 
  115 -4.097824e+02 
  116 -3.638540e+02 
  117 -3.309118e+02 
  118 -3.107847e+02 
  119 -3.027650e+02 
  120 -3.060132e+02 
  121 -3.198475e+02 
  122 -3.438251e+02 
  123 -3.776302e+02 
  124 -4.208768e+02 
  125 -4.729430e+02 
  126 -5.329007e+02 
  127 -5.995413e+02 
  128 -6.714743e+02 
  129 -7.472874e+02 
  130 -8.257669e+02 
  131 -9.061440e+02 
  132 -9.882728e+02 
  133 -1.072625e+03 
  134 -1.160043e+03 
  135 -1.251333e+03 
  136 -1.346845e+03 
  137 -1.446278e+03 
  138 -1.548750e+03 
  139 -1.653082e+03 
  140 -1.758009e+03 
  141 -1.862163e+03 
  142 -1.963824e+03 
  143 -2.060648e+03 
  144 -2.149626e+03 
  145 -2.227382e+03 
  146 -2.290723e+03 
  147 -2.337195e+03 
  148 -2.365462e+03 
  149 -2.375450e+03 
  150 -2.368367e+03 
timestep 1100, Frequency 150 
    1 5.397625e+04 
    2 5.379128e+04 
    3 5.331471e+04 
    4 5.255403e+04 
    5 5.152406e+04 
    6 5.024619e+04 
    7 4.874627e+04 
    8 4.705178e+04 
    9 4.518958e+04 
   10 4.318540e+04 
   11 4.106450e+04 
   12 3.885252e+04 
   13 3.657543e+04 
   14 3.425851e+04 
   15 3.192503e+04 
   16 2.959531e+04 
   17 2.728656e+04 
   18 2.501305e+04 
   19 2.278630e+04 
   20 2.061545e+04 
   21 1.850791e+04 
   22 1.647039e+04 
   23 1.450999e+04 
   24 1.263478e+04 
   25 1.085352e+04 
   26 9.174452e+03 
   27 7.604047e+03 
   28 6.146252e+03 
   29 4.802525e+03 
   30 3.572343e+03 
   31 2.453710e+03 
   32 1.443432e+03 
   33 5.371953e+02 
   34 -2.703693e+02 
   35 -9.854749e+02 
   36 -1.614820e+03 
   37 -2.165174e+03 
   38 -2.643039e+03 
   39 -3.054453e+03 
   40 -3.404967e+03 
   41 -3.699746e+03 
   42 -3.943687e+03 
   43 -4.141491e+03 
   44 -4.297615e+03 
   45 -4.416132e+03 
   46 -4.500540e+03 
   47 -4.553619e+03 
   48 -4.577409e+03 
   49 -4.573336e+03 
   50 -4.542421e+03 
   51 -4.485473e+03 
   52 -4.403212e+03 
   53 -4.296381e+03 
   54 -4.165922e+03 
   55 -4.013212e+03 
   56 -3.840280e+03 
   57 -3.649888e+03 
   58 -3.445411e+03 
   59 -3.230566e+03 
   60 -3.009090e+03 
   61 -2.784471e+03 
   62 -2.559785e+03 
   63 -2.337628e+03 
   64 -2.120085e+03 
   65 -1.908757e+03 
   66 -1.704806e+03 
   67 -1.509023e+03 
   68 -1.321898e+03 
   69 -1.143670e+03 
   70 -9.743620e+02 
   71 -8.138502e+02 
   72 -6.620277e+02 
   73 -5.190693e+02 
   74 -3.857192e+02 
   75 -2.634544e+02 
   76 -1.544073e+02 
   77 -6.108958e+01 
   78 1.388154e+01 
   79 6.788173e+01 
   80 9.822604e+01 
   81 1.021572e+02 
   82 7.704336e+01 
   83 2.078045e+01 
   84 -6.773965e+01 
   85 -1.882611e+02 
   86 -3.389833e+02 
   87 -5.165570e+02 
   88 -7.161944e+02 
   89 -9.318473e+02 
   90 -1.156462e+03 
   91 -1.382320e+03 
   92 -1.601450e+03 
   93 -1.806073e+03 
   94 -1.989066e+03 
   95 -2.144483e+03 
   96 -2.268086e+03 
   97 -2.357792e+03 
   98 -2.413830e+03 
   99 -2.438442e+03 
  100 -2.435159e+03 
  101 -2.407837e+03 
  102 -2.359778e+03 
  103 -2.293265e+03 
  104 -2.209627e+03 
  105 -2.109729e+03 
  106 -1.994507e+03 
  107 -1.865283e+03 
  108 -1.723769e+03 
  109 -1.571934e+03 
  110 -1.411952e+03 
  111 -1.246252e+03 
  112 -1.077570e+03 
  113 -9.088420e+02 
  114 -7.429197e+02 
  115 -5.821797e+02 
  116 -4.282085e+02 
  117 -2.816998e+02 
  118 -1.426210e+02 
  119 -1.058636e+01 
  120 1.147301e+02 
  121 2.333185e+02 
  122 3.447776e+02 
  123 4.484584e+02 
  124 5.437361e+02 
  125 6.303561e+02 
  126 7.087574e+02 
  127 7.802007e+02 
  128 8.465059e+02 
  129 9.093816e+02 
  130 9.696162e+02 
  131 1.026520e+03 
  132 1.077864e+03 
  133 1.120292e+03 
  134 1.150037e+03 
  135 1.163680e+03 
  136 1.158743e+03 
  137 1.133959e+03 
  138 1.089192e+03 
  139 1.025098e+03 
  140 9.427345e+02 
  141 8.433106e+02 
  142 7.281530e+02 
  143 5.988387e+02 
  144 4.573528e+02 
  145 3.061275e+02 
  146 1.479039e+02 
  147 -1.452523e+01 
  148 -1.785660e+02 
  149 -3.419682e+02 
  150 -5.028379e+02 
timestep 1250, Frequency 150 
    1 5.596442e+04 
    2 5.586120e+04 
    3 5.544859e+04 
    4 5.473385e+04 
    5 5.373058e+04 
    6 5.245945e+04 
    7 5.094823e+04 
    8 4.923014e+04 
    9 4.734040e+04 
   10 4.531232e+04 
   11 4.317468e+04 
   12 4.095112e+04 
   13 3.866102e+04 
   14 3.632097e+04 
   15 3.394610e+04 
   16 3.155123e+04 
   17 2.915141e+04 
   18 2.676211e+04 
   19 2.439884e+04 
   20 2.207658e+04 
   21 1.980890e+04 
   22 1.760741e+04 
   23 1.548157e+04 
   24 1.343886e+04 
   25 1.148531e+04 
   26 9.625848e+03 
   27 7.864672e+03 
   28 6.205580e+03 
   29 4.652282e+03 
   30 3.208525e+03 
   31 1.877823e+03 
   32 6.628843e+02 
   33 -4.349231e+02 
   34 -1.415771e+03 
   35 -2.281190e+03 
   36 -3.033695e+03 
   37 -3.676396e+03 
   38 -4.212720e+03 
   39 -4.646252e+03 
   40 -4.980696e+03 
   41 -5.219936e+03 
   42 -5.368180e+03 
   43 -5.430197e+03 
   44 -5.411640e+03 
   45 -5.319434e+03 
   46 -5.162139e+03 
   47 -4.950130e+03 
   48 -4.695451e+03 
   49 -4.411189e+03 
   50 -4.110374e+03 
   51 -3.804603e+03 
   52 -3.502849e+03 
   53 -3.210918e+03 
   54 -2.931693e+03 
   55 -2.666032e+03 
   56 -2.413972e+03 
   57 -2.175940e+03 
   58 -1.953653e+03 
   59 -1.750436e+03 
   60 -1.570841e+03 
   61 -1.419710e+03 
   62 -1.301070e+03 
   63 -1.217260e+03 
   64 -1.168530e+03 
   65 -1.153077e+03 
   66 -1.167390e+03 
   67 -1.206735e+03 
   68 -1.265739e+03 
   69 -1.338992e+03 
   70 -1.421580e+03 
   71 -1.509430e+03 
   72 -1.599397e+03 
   73 -1.689101e+03 
   74 -1.776623e+03 
   75 -1.860191e+03 
   76 -1.937990e+03 
   77 -2.008185e+03 
   78 -2.069148e+03 
   79 -2.119786e+03 
   80 -2.159779e+03 
   81 -2.189606e+03 
   82 -2.210322e+03 
   83 -2.223179e+03 
   84 -2.229220e+03 
   85 -2.228960e+03 
   86 -2.222190e+03 
   87 -2.207948e+03 
   88 -2.184628e+03 
   89 -2.150245e+03 
   90 -2.102755e+03 
   91 -2.040344e+03 
   92 -1.961610e+03 
   93 -1.865650e+03 
   94 -1.752165e+03 
   95 -1.621653e+03 
   96 -1.475675e+03 
   97 -1.317038e+03 
   98 -1.149764e+03 
   99 -9.787440e+02 
  100 -8.091521e+02 
  101 -6.457669e+02 
  102 -4.923909e+02 
  103 -3.515011e+02 
  104 -2.241688e+02 
  105 -1.102119e+02 
  106 -8.498632e+00 
  107 8.268575e+01 
  108 1.652796e+02 
  109 2.411411e+02 
  110 3.118196e+02 
  111 3.783998e+02 
  112 4.414181e+02 
  113 5.008521e+02 
  114 5.561769e+02 
  115 6.064884e+02 
  116 6.506671e+02 
  117 6.875327e+02 
  118 7.159307e+02 
  119 7.347456e+02 
  120 7.428982e+02 
  121 7.393941e+02 
  122 7.234471e+02 
  123 6.946342e+02 
  124 6.530083e+02 
  125 5.991321e+02 
  126 5.340596e+02 
  127 4.593360e+02 
  128 3.770556e+02 
  129 2.899258e+02 
  130 2.012256e+02 
  131 1.145714e+02 
  132 3.349855e+01 
  133 -3.903382e+01 
  134 -1.010528e+02 
  135 -1.517402e+02 
  136 -1.912587e+02 
  137 -2.202435e+02 
  138 -2.391303e+02 
  139 -2.476004e+02 
  140 -2.443766e+02 
  141 -2.274146e+02 
  142 -1.943776e+02 
  143 -1.432680e+02 
  144 -7.317058e+01 
  145 1.489432e+01 
  146 1.171754e+02 
  147 2.269630e+02 
  148 3.355139e+02 
  149 4.340566e+02 
  150 5.158816e+02 
timestep 1400, Frequency 150 
    1 5.593088e+04 
    2 5.578736e+04 
    3 5.533820e+04 
    4 5.459354e+04 
    5 5.356809e+04 
    6 5.227987e+04 
    7 5.074929e+04 
    8 4.899871e+04 
    9 4.705245e+04 
   10 4.493696e+04 
   11 4.268082e+04 
   12 4.031440e+04 
   13 3.786894e+04 
   14 3.537509e+04 
   15 3.286113e+04 
   16 3.035156e+04 
   17 2.786648e+04 
   18 2.542184e+04 
   19 2.303010e+04 
   20 2.070098e+04 
   21 1.844219e+04 
   22 1.626025e+04 
   23 1.416109e+04 
   24 1.215064e+04 
   25 1.023488e+04 
   26 8.419820e+03 
   27 6.711084e+03 
   28 5.113635e+03 
   29 3.631462e+03 
   30 2.267372e+03 
   31 1.022877e+03 
   32 -1.018178e+02 
   33 -1.107712e+03 
   34 -1.996850e+03 
   35 -2.772183e+03 
   36 -3.437573e+03 
   37 -3.997987e+03 
   38 -4.459797e+03 
   39 -4.830907e+03 
   40 -5.120472e+03 
   41 -5.338171e+03 
   42 -5.493334e+03 
   43 -5.594256e+03 
   44 -5.647895e+03 
   45 -5.659895e+03 
   46 -5.634761e+03 
   47 -5.576086e+03 
   48 -5.486785e+03 
   49 -5.369363e+03 
   50 -5.226171e+03 
   51 -5.059640e+03 
   52 -4.872458e+03 
   53 -4.667698e+03 
   54 -4.448911e+03 
   55 -4.220103e+03 
   56 -3.985589e+03 
   57 -3.749659e+03 
   58 -3.516084e+03 
   59 -3.287559e+03 
   60 -3.065272e+03 
   61 -2.848807e+03 
   62 -2.636494e+03 
   63 -2.426106e+03 
   64 -2.215670e+03 
   65 -2.004148e+03 
   66 -1.791784e+03 
   67 -1.580042e+03 
   68 -1.371259e+03 
   69 -1.168184e+03 
   70 -9.736195e+02 
   71 -7.902199e+02 
   72 -6.204049e+02 
   73 -4.663834e+02 
   74 -3.303053e+02 
   75 -2.144895e+02 
   76 -1.215570e+02 
   77 -5.428997e+01 
   78 -1.518051e+01 
   79 -5.813336e+00 
   80 -2.633911e+01 
   81 -7.528193e+01 
   82 -1.497667e+02 
   83 -2.460642e+02 
   84 -3.602590e+02 
   85 -4.888742e+02 
   86 -6.293251e+02 
   87 -7.801060e+02 
   88 -9.406732e+02 
   89 -1.111071e+03 
   90 -1.291426e+03 
   91 -1.481473e+03 
   92 -1.680229e+03 
   93 -1.885861e+03 
   94 -2.095729e+03 
   95 -2.306578e+03 
   96 -2.514828e+03 
   97 -2.716917e+03 
   98 -2.909595e+03 
   99 -3.090078e+03 
  100 -3.256041e+03 
  101 -3.405491e+03 
  102 -3.536604e+03 
  103 -3.647614e+03 
  104 -3.736809e+03 
  105 -3.802661e+03 
  106 -3.844042e+03 
  107 -3.860491e+03 
  108 -3.852434e+03 
  109 -3.821249e+03 
  110 -3.769128e+03 
  111 -3.698711e+03 
  112 -3.612650e+03 
  113 -3.513230e+03 
  114 -3.402182e+03 
  115 -3.280727e+03 
  116 -3.149831e+03 
  117 -3.010602e+03 
  118 -2.864736e+03 
  119 -2.714873e+03 
  120 -2.564709e+03 
  121 -2.418715e+03 
  122 -2.281497e+03 
  123 -2.156970e+03 
  124 -2.047631e+03 
  125 -1.954142e+03 
  126 -1.875305e+03 
  127 -1.808414e+03 
  128 -1.749894e+03 
  129 -1.696139e+03 
  130 -1.644374e+03 
  131 -1.593345e+03 
  132 -1.543611e+03 
  133 -1.497227e+03 
  134 -1.456859e+03 
  135 -1.424704e+03 
  136 -1.401698e+03 
  137 -1.387256e+03 
  138 -1.379518e+03 
  139 -1.375891e+03 
  140 -1.373676e+03 
  141 -1.370521e+03 
  142 -1.364583e+03 
  143 -1.354493e+03 
  144 -1.339298e+03 
  145 -1.318508e+03 
  146 -1.292202e+03 
  147 -1.261100e+03 
  148 -1.226563e+03 
  149 -1.190543e+03 
  150 -1.155498e+03 
timestep 1550, Frequency 150 
    1 5.532777e+04 
    2 5.510547e+04 
    3 5.458799e+04 
    4 5.378051e+04 
    5 5.269568e+04 
    6 5.135282e+04 
    7 4.977562e+04 
    8 4.798981e+04 
    9 4.602150e+04 
   10 4.389691e+04 
   11 4.164292e+04 
   12 3.928739e+04 
   13 3.685882e+04 
   14 3.438528e+04 
   15 3.189302e+04 
   16 2.940538e+04 
   17 2.694210e+04 
   18 2.451943e+04 
   19 2.215060e+04 
   20 1.984677e+04 
   21 1.761785e+04 
   22 1.547317e+04 
   23 1.342184e+04 
   24 1.147277e+04 
   25 9.634478e+03 
   26 7.914734e+03 
   27 6.320034e+03 
   28 4.854934e+03 
   29 3.521372e+03 
   30 2.318175e+03 
   31 1.241003e+03 
   32 2.827998e+02 
   33 -5.653770e+02 
   34 -1.313402e+03 
   35 -1.971226e+03 
   36 -2.548229e+03 
   37 -3.052798e+03 
   38 -3.492084e+03 
   39 -3.871975e+03 
   40 -4.197241e+03 
   41 -4.471860e+03 
   42 -4.699431e+03 
   43 -4.883537e+03 
   44 -5.027954e+03 
   45 -5.136686e+03 
   46 -5.213886e+03 
   47 -5.263707e+03 
   48 -5.290110e+03 
   49 -5.296645e+03 
   50 -5.286273e+03 
   51 -5.261314e+03 
   52 -5.223584e+03 
   53 -5.174657e+03 
   54 -5.116116e+03 
   55 -5.049686e+03 
   56 -4.977170e+03 
   57 -4.900241e+03 
   58 -4.820175e+03 
   59 -4.737680e+03 
   60 -4.652915e+03 
   61 -4.565707e+03 
   62 -4.475887e+03 
   63 -4.383589e+03 
   64 -4.289406e+03 
   65 -4.194351e+03 
   66 -4.099658e+03 
   67 -4.006484e+03 
   68 -3.915644e+03 
   69 -3.827503e+03 
   70 -3.742104e+03 
   71 -3.659502e+03 
   72 -3.580170e+03 
   73 -3.505239e+03 
   74 -3.436457e+03 
   75 -3.375827e+03 
   76 -3.325118e+03 
   77 -3.285406e+03 
   78 -3.256801e+03 
   79 -3.238424e+03 
   80 -3.228645e+03 
   81 -3.225473e+03 
   82 -3.226951e+03 
   83 -3.231426e+03 
   84 -3.237700e+03 
   85 -3.245075e+03 
   86 -3.253311e+03 
   87 -3.262514e+03 
   88 -3.272975e+03 
   89 -3.284998e+03 
   90 -3.298773e+03 
   91 -3.314263e+03 
   92 -3.331102e+03 
   93 -3.348549e+03 
   94 -3.365544e+03 
   95 -3.380866e+03 
   96 -3.393338e+03 
   97 -3.402004e+03 
   98 -3.406205e+03 
   99 -3.405554e+03 
  100 -3.399817e+03 
  101 -3.388739e+03 
  102 -3.371853e+03 
  103 -3.348394e+03 
  104 -3.317398e+03 
  105 -3.277968e+03 
  106 -3.229588e+03 
  107 -3.172324e+03 
  108 -3.106843e+03 
  109 -3.034249e+03 
  110 -2.955808e+03 
  111 -2.872601e+03 
  112 -2.785173e+03 
  113 -2.693294e+03 
  114 -2.595926e+03 
  115 -2.491464e+03 
  116 -2.378186e+03 
  117 -2.254772e+03 
  118 -2.120742e+03 
  119 -1.976691e+03 
  120 -1.824267e+03 
  121 -1.665894e+03 
  122 -1.504354e+03 
  123 -1.342369e+03 
  124 -1.182291e+03 
  125 -1.025972e+03 
  126 -8.747951e+02 
  127 -7.298605e+02 
  128 -5.922547e+02 
  129 -4.633116e+02 
  130 -3.447529e+02 
  131 -2.386305e+02 
  132 -1.470785e+02 
  133 -7.198261e+01 
  134 -1.471377e+01 
  135 2.397715e+01 
  136 4.391823e+01 
  137 4.541953e+01 
  138 2.918773e+01 
  139 -3.729971e+00 
  140 -5.199149e+01 
  141 -1.140194e+02 
  142 -1.880920e+02 
  143 -2.724830e+02 
  144 -3.656321e+02 
  145 -4.662532e+02 
  146 -5.732827e+02 
  147 -6.856523e+02 
  148 -8.019901e+02 
  149 -9.203852e+02 
  150 -1.038297e+03 
